Problem Name: 
Problem Dimension: 26
Problem Type: QAP
Comment: 
Strategy: 2
Number of Generations: 1
Population Size: 4

Population
Generation [1]

*********************************************
        Population[1] with fitness 
*********************************************
-----------------------------------------------
Fitness   |   Population
-----------------------------------------------
4203625   |      8      2     22     11     14     24      3     15     20      6     13     18      9     26     25     21      4      7     16      5     17      1     12     19     23     10
4068151   |     17      6      7      5     24     16     26      8      4     21     14     20      9     25     22     12     18     19      2      1      3     11     10     13     23     15
4347145   |     25     23      9     16     15      3     24     14     12     21      2     19     22     11      4     20     10      1     26      7      5      6     17     18     13      8
4229854   |      8      3     25      2     19     10     23      9     21      5      7     22      1     15     17      6     26      4     20     16     11     24     13     14     12     18

*********************************************
         Population[1] after insertion 
*********************************************
-----------------------------------------------
Fitness   |     Population
-----------------------------------------------
4108350   |     26      2     17      7      4     19     21     20     11     18      5     10     23     13      6     16      9      3     12      1     15     24     14      8     22     25
4292866   |     18      1      5      2     12     11      8     14     19      4     25     15      7     13     16     17     22      3     26     21     20     10      6     23     24      9
4079235   |      1     26      7     11     20      5     12      2      8     10     19      3      9     14     17     21      4     18     13     23      6     22     15     16     25     24
4241491   |     19     12     10     15     26      9     14      6      2     22     21     23     18     13      8     16     24     25      7     17     11      5      3      4      1     20

*********************************************
    Selected Population[1] with fitness
*********************************************
-----------------------------------------------
Fitness   |   Population
-----------------------------------------------
4108350   |     26      2     17      7      4     19     21     20     11     18      5     10     23     13      6     16      9      3     12      1     15     24     14      8     22     25
4068151   |     17      6      7      5     24     16     26      8      4     21     14     20      9     25     22     12     18     19      2      1      3     11     10     13     23     15
4079235   |      1     26      7     11     20      5     12      2      8     10     19      3      9     14     17     21      4     18     13     23      6     22     15     16     25     24
4229854   |      8      3     25      2     19     10     23      9     21      5      7     22      1     15     17      6     26      4     20     16     11     24     13     14     12     18

Best Individual:  17 6 7 5 24 16 26 8 4 21 14 20 9 25 22 12 18 19 2 1 3 11 10 13 23 15
Best Value: 4068151