Problem Name: 
Problem Dimension: 40
Problem Type: QAP
Comment: 
Strategy: 2
Number of Generations: 1
Population Size: 4

Population
Generation [1]

*********************************************
        Population[1] with fitness 
*********************************************
-----------------------------------------------
Fitness   |   Population
-----------------------------------------------
1073276681|     18     30      7     14     19      6     15     27     35     36     28     25     16     23     10     39     33     31     13      8      5     12      3      2     20     29      9     24     38     17      1     21     26     11     40     22     37     32     34      4
1085494500|     24     16     39     11     21     14      5     25     30     13      7     36     40     20     34      3     22     12     10      1     28     17     33      2     18     37     38      6      4     29      8     31     35      9     26     23     15     27     19     32
1047577289|     26     27     16     33     10     31     14     38      2      1      9      7     19     13      4     40     17     39     24     29     23     34     12     25      6     18     30     28     35     37     20     11      5     36     15      8      3     22     32     21
996497167 |     13     29     10     34      5     35      4     36     30     14      9     11     33     28     15     27     12     32      1     22     17      3     20     38      8      6     40     39     24     26     18     16     31     23     19     21      2     25     37      7

*********************************************
         Population[1] after insertion 
*********************************************
-----------------------------------------------
Fitness   |     Population
-----------------------------------------------
1094616578|     19     13     39     37      7      8     18      1      3     22      2     38     31      9     15      5     21     27     30     36     40     17     28     11     34     25     24     14     10      4     29     23     26     35     32     16      6     12     20     33
1072037072|     18     38      1     10     26     19     29     13     31      6     12     17     37      4     21     33     24      9     28     34     23     15     14      2     35     32     30     40     20     11      8     22     16      3     39      7     27     25     36      5
1114015056|     32     15     37     22     13     34     25     21     29     40     11     38     24     18     16     28      7      1     30      5     33     39      6     31     19      8     23      9      2     12     14     10      3     17     36     27     26     20      4     35
1150182710|     28     15     23      7     39     32      5     16     10     27     40     31     37      9      2     34     25     38      3     18     12      6     26     24     13     21     33      8     29     22     20     19     35      4     30     11     14     17      1     36

*********************************************
    Selected Population[1] with fitness
*********************************************
-----------------------------------------------
Fitness   |   Population
-----------------------------------------------
1073276681|     18     30      7     14     19      6     15     27     35     36     28     25     16     23     10     39     33     31     13      8      5     12      3      2     20     29      9     24     38     17      1     21     26     11     40     22     37     32     34      4
1072037072|     18     38      1     10     26     19     29     13     31      6     12     17     37      4     21     33     24      9     28     34     23     15     14      2     35     32     30     40     20     11      8     22     16      3     39      7     27     25     36      5
1047577289|     26     27     16     33     10     31     14     38      2      1      9      7     19     13      4     40     17     39     24     29     23     34     12     25      6     18     30     28     35     37     20     11      5     36     15      8      3     22     32     21
996497167 |     13     29     10     34      5     35      4     36     30     14      9     11     33     28     15     27     12     32      1     22     17      3     20     38      8      6     40     39     24     26     18     16     31     23     19     21      2     25     37      7

Best Individual:  13 29 10 34 5 35 4 36 30 14 9 11 33 28 15 27 12 32 1 22 17 3 20 38 8 6 40 39 24 26 18 16 31 23 19 21 2 25 37 7
Best Value: 996497167