Problem Name: att532
Problem Dimension: 532
Problem Type: TSP
Comment: 532-city problem (Padberg/Rinaldi)
Strategy: 7
Number of Generations: 1
Population Size: 4

Population
Generation [1]

*********************************************
        Population[1] with fitness 
*********************************************
-----------------------------------------------
Fitness   |   Population
-----------------------------------------------
500267    |    329    198    368    260    221     37    421    431    189     29    228    165     97    454    138    214    148     70    333    413    364    258    286    451    469     98    499    452    471    511    344    319    459    449    517    272    154    397    185    501    432    224    171    428     75     32     47    439    133    436    145    497    473     83    341    285    472    455    512    251     51    347    136    211    297    163    181    180     16    179    290    386    298    202    425     73    280    200    354    519    366    177    520    482    232    418    467    450     85    388    293    396    267    416    142    484    257    130    184    229    114    270     30     91    359     67    476     86    314    225    463    310    481    244    372    302    442    155      9    169     71     36    336     63      1    212    328    109     18    445    172    429    253    309    532    460    275    107    361    350     48    271    307    279    422    326    456     20    335    433    284     80    390    351    112    100     76    393    494    524    210    321    427    384    392    291    317    233    283     10    505     55    197    444    348     27    430    143    118    238    480    196    447    477    117    415    168     77    475    377      5    322    295    230    342    139     45    375    363    406     23     34    506    401    486     59     53     84    373    448    385    426    370    173     66    485    255     94    264    201     99    353     14     19    325     64    404    410    152    461    395    479    137     41    303    343    208    159     54    250    420    330     43    207    367    174    216    528    235    371     24    191    492    153    161    220    106    246    338    399    241    157    465    394    122    525    282    352    464    349     60    190     95    288    237    209    369     62    129    215    503    301    374    358    516    102    496      3    227    521     50    140    146    223    104    111     26     46     89    474    304    135    355    514    380    523    147    311    324    263    332     58    510    187    529    108    254    409    318    522    491    256    488     12    116    156    440    193    527     40    265    509    134    126     42    203     22    176    470    490     17    125    518     61    182    345    231    403    515    103     49    167     13     87    294    247    437    508    128    259    296    199    423    113      7    408    115    340    339    424    151    495    175    132    162     82     15    419    457    204    334    195    346    218    398    504    411    166     68    110    277    278    453    356    127    188     44    383    206    507    379    513    435    248     90    414    292    323    273     39    274    478    391    443     69    402     56      8    466    376      6    268    468    121    205    502    222    120    119    186    365    526      4     74    489    276    287    213    262      2    164    362    337    240    178    441     72    487    281     31    331    101    160     81    266    357     96    493     52    434    316    192     35    446     78    530    239    236    500     21    252    131    245    458    299    234    308     79    312    405     57    382    170    483    305    158    300    124    531     92    217    378    123    327    438    387    141    105    243    183    389    313    462     65    412    315    306     38     93    144    261     25    320    289    219    149    498     11     88    150     33    417    407    400    360     28    226    242    249    269    194    381
511915    |      2    449    486    464    162    379    184    352    438    284    390    411    381    415    150    424    212     75    100    262    218    175    362    299    225    395     42     50    269    109    531    493    484     47     91    217    375    215    418    491    125     68    155    293    393    279     18    258    101    477    119    317    275    124    166    470    516    142    302    170     67    282    413    420     63    210    104    333    527    233    377    259    295    144     83    304    251    492      9     54    374     35    209    455    458    280    391     73    116    322     59    319    406    330    281    176    263    401     60     23      6    514    451    107    273    359     46     29      1    181    408    248    345    261    469    524    508    205    334    129     34    230    141    509    517     94    435    274    409     14    118    404    360    342     15     27    247    123    234    386    154    479    310    402    417    133    365     52     17     87    505    507    497    331    143     66     41    463    485    232    134    216    114     86    387    283    241    328    289    519     76    445     85    414    250    264    441    369     62    448     57    194    456    201    204    193     20    394    198    266    223    179    398     43    427     79    351    185    323    226    388     53    364    214     90     81    512    327    426    532     21    530    146    197    510    511    229    429     44    337     19    500    253    180    177     99    174    490    285     84    325    164    242    313    389    237    412    522    459    373    354      4    296    145    314     88     96    239    111    476    315    183    447    172    221    481    504    165    366    126     98    350    117     58    157    348    430    135     40    349    384    278    301    457     45    363    260    169    454     65    383    138     61    347    465     92    196    326    475    303    343     37    468     70    211    506    528    161    392     82    432    294    297     36    489    112    136    152    466    249    444    276    306    422    482    160    131    228    149    192    433    440    339     26    513    353    245      8    187     56    203    246     97    399    462    173    356    428    105    188      7    139      5    501    423    219    224    231    110    106     33     49    195    312    207    153     24    308    292    309    277     30    290    336    271    255    496    186    450     77    495     32     71    499    272     16    431    526    168    220    341    478    121    380     74    372    178    254    502    397    523    199    190     51    518    265    368     78    403    400     25    320     13    243     64    147    270     55    376     28    521    361    371    340    268    318    370     72    419    267     93     80    286    416     95    108    473    344    189    480    425      3    442    460    127    338    156    452    236    453    140    472    159    244    291    474    288    227    206    421     11    483    132    396    378     22    487    252    503    238    443    385    316    122    405    520    257    436    200    488    461    235    494    130    358     48    115    434    367    305    167    307    240    148    446    128    357    182    346    498    103    298    202    300    525     10    332    529    311     69    256    382    321     38    102    113     39    287    515    471    335    163     89    467    329    222    151     12    191    439    324     31    355    437    213    137    158    171    410    407    120    208
513781    |    220    454    359    186     57    351      6     35    135    173    528    301    295    474     80    439    127    242    272    253     78    511    447    401    190    371    358    526    375    164     68    151    443    284    100    419    292    470      5    368    214    177    531     95    346    318    198    275    369    339    131      8    490    529    218     12    193    504    267    461    385    191    513     20    304    268    418    397    334    449    307    377     54    160    176    101    327    345    282    344    313     42     92    296    252    356     21    206    265    166    196    465    370    255      2    323     51    453    266    440    184    152    165    367     93    455    179     72    150    421     91     53    256     63    129    141    181    121    338    378    326     22    231    424     47    134      1    278    144     88    178    519    460     29    343    389    394    391    482    462    270    422    312     43     44    215     32    247    384    433    481     26     16    498     79     76    374    155    324    260    294    396    285    437     34    158    355     94    235    496    488     39     62    350    305    248    315    506    212     67    180    317    175     33    520    149     45    414    400    111    289    116    120    236    456    464    383    451    395    512    189    251     28    347    314    527     60    501    183    240    246    133    271    330    425    380    169    126    388    217     50    300    297    195     73     55    170    122    269     61    130    446    387    197    466     13     65    139    429    499    475    483    188    390    216     23      7    502    320    508     40    332    110    303    408     99    361    406    202    516    426    172    137    200    230    365    309    146     89     87    514    360    517    174    353    201    114    331    128    226    329    336    444     74    363    480    398    442     41    107      3    348     56     77    205      4    108    257    239     24    224    493    366     18    208    340    333    232    250    489    306     70    459    229    403    352    423    290    147    109    450    438    162     96    503    354    392    335     27    283     48    417    264    435    104    410    457    379    136    204    436    469    153     66    287    476     69    473    286    199     71     75    207    477    213    373    115    233     85    486    209     19    505    138    194    148    222    279     84    259    430    386    168    258    316     36    500     97    281    467    372    458    452    407    211    428    487    532    125    308    497     10     81    159    402     82     38    237    412    319    479    507    273    495    432    241    491     90     25    263    393    321    163    167    510     11    249     58    302    530    291    143    219    106    161    515    441    349    221    342    142    427    434    382    521    431    376    448    157     64    364    341    299     14    468    381     86    228    413    322    405    463    471    523    298    182    416     37    102    494    227    192    187    509    522    238    105    145    404    225     30    524    399     31    156    478    288    112    140    280     46    485    234    472    113    276    223      9    245    362    124     49    203    261    311    492    310    420    409     59    415    357    244    525    243    171    132    328    337    185    274    123    325    484    293     83     17    518    119    103    411     15    118    117    262    277    254    154    210    445     98     52
535526    |    301    443    127    404    405    132    170    510    230    114    299    416    146    110    272    344    424    331     52    505     74    228      4     99     67    316    357    330    396    479     33     11    241    387    122    386    291    204     84    130     56    489    428    512    141    337     72    502    144    171    259    447     73    439     29    338     90    308    373    115    283     81    288    176    520    419     53    220    247    269     89    476    173     48    203     87     20    258    427    336    395    284    326    409     49    263    399    527      8     44     16    305    408    382    349    186    449    457    456    523    359     34    433    392    358    251    219    415    472    473    323    353    253    261     45    461    400     62    282    411    294    500    375    149    437    328    190    138    488    410    246    104    262    314    106    297    501    121     85    243     69    280    242     40    205    172      9    116    133     42    516    327    384     32    270    117    180    492    168    418     86    442     88    393    240    431     31    254    199    237    372    175    296    292    218    391    293    211    303    207    518    278     26    213    374    231    255    429    238    498    311    126    164      6    197    201    227    530    432    376    159    414    407    495    406    351    413    458    239    163    343    452     54    252    248    417    306    354     21     30    287    174    412    271     92    182      3    371      1    491    482    318    153    333    517    335    471    105    485    522    531     41    129    229    161     66      2    223    194    467     27    279    118     25     39    150     82    266     12    202    322    446    232    140    451    390    264    312    474    295    402    334     18    142    434    260    342     60    422     17     19    460    340    369    339    214    224    155     71    519    192    453    200    423    438    100    135    459    320    366    450    477     68    448    401    462    125    198    317    468    383    185    152    365    274      7    454    398    235    361    315    378    364    497    234    321    348    208    360    515    397    493    313    276    277    486    109     58    483    445    496    103     51    131    490    102     91    148    160    481     57    137    325    145    525    465    425    156    441     14     50    154     75    421    275    368    514    470    310    236    290    210    329    503    394     97    504    128    455    226    113    347    265    466    319    188    257    346    324    521    187    298     98     43     93    108    179    444    403    380    341    184     24    285     63    195    377    355     96     94     78    532     77    426    507    183     36    158    389    381    302    529    478     37     28    420    120    136    250    436    494    212     10    193    480    143    112    245    101    528    215    509     76    206    435    151    244    304    363     61    273     95    225    332    123     65    267    487    367    463    169    286    167    196    165    111     15     70     38    222    309    350    216    370    209    107     13    217    124     83    388    484    307    440    221    281    166    191    524    134     47     80    119    256    469    345    499    385    181     46    526      5    513     23    139    362    475    430     22    300    233    147     55    268     64    464    162    289    249    177    157    508    178    352    506     79     59    511    356    189    379     35

*********************************************
         Population[1] after insertion 
*********************************************
-----------------------------------------------
Fitness   |     Population
-----------------------------------------------
519937    |    441    447    522    167     11    474    423    414    175    197    110     86     50    267     89    350    298    142    299     49    200    517    169    521    194    198    510    436    129    275    117    301    481     99     30    471     39    149    372    369    391    479     56    323    152     66     96    311    285    181    292    213    516    168    127    238     12    523    357     84    201     90    273    318    287    465    364    155     34    360    112    306    143    499    478    148    453    421    455     13    233      7    435     97     68    365    319    368    172     85    363    244    509     93    375    187    222    262    370    460    230     40     28    184    398    328    327    166     31    495    376     45    463    490     37    417    312     20    431    144     74    347    128    109    528    383    220    315    475    346    171    507    340     78    125    139    325    185    367    151    386     91    413    532    255    274     42    450    530    348    371    227    339    136    444    160    245    115    514    422    433     65    470    153    506    177    223    332     22    231    314    396    235    317     19    355     71    429    159     53    394     35    302    430    526    338    156    206    390     16     81    385    196    120    504     92    271    191    381     48     70    451    163      2     15    108    170     95    426    211     79    259    202    134    289    459    373    374    404    445     98    484     55    297    130    377    362    165     38    157     76    489    257    219    137    477    320    393    501    337    241    452    416    209    330    434    341    472    132    424    384      6    308     29    442    214    494    141    261    300    458     87    321    246    395    405    215     88    399    195    387    192    119    476    420    283    126    260    432    329    216    154      5    457    512    469    508    359    249    102    282    294    448    210    224     54    107    180     83    505    272    331    253    113    199     43    389    118     21    229    295    123    264     51    218    382    427    409    411    335    513    353     26    234    286    520    349     58     82     62    251    270    254    403    408    425    354    183     32     36     73    145    124    366    173    258    343    276    208    100    336    247    511    461    243    402     59    529    519    503    400    226    228    531    281    485    502    296    380    304     77    352    266    324    316    310      8    265    291     94    392    232    438    189     67    473    334    138    483    467    204    345    150    256    378    305      3    176    190    105    379     25    498    182    496    269    437    309     80    158    439    162    203    140    356    114     18    279    454     14    193    407    333    412    121    446     52    268    240    147     44     46     10     60    468    326    464    428    525    401    388    104    418    482    358    491    146    103     63     64     33    239    322    164     47    161    174    288    106    221    415    456     72    397    303    207    480    277     27      9    410    342    492     69    524    462    111    252    116    406      1    515     61    518    419      4    497    250    205    186    133    263    248    449    212    225    284     23    488    527    351    443    242    101    135    361    278    131    179    290    307    122    313    344    440    188    466     24    178     75    293    237    493    217    280     41     57    486    500    236    487     17
509502    |    329    262    368    231    221     37    370    431    189    217    427     32     97    454    302    214    426    152    202    480    438    352    201    320    309    295    502    452    471    511    451    319    459    449    184    436    281     47    185      7    432    138    312    128    423    399     38    517    204    404    240    149    473    506    347    439    144    286    512    251    341    143    136     21    297    422    210    180    520    468    119    386    241    109    425    522    280    205    526    519    316    177    190    482    340    413    462    148    234    463    293    396    267    311    142    484    527    130    389    229     14    197     30    216     79     67    163     86    314    364      4    498     33    523     83     28    442    412    186    260     71    453    284     63      1    212     49    353     18    445    238      3    139      2    330    460    409    107    361    171     48    516     66    153     41    326     73     20     36    433     95     80    304    351    288    134     84     85    494    524    270    434    230    384     42    291    317    233    283     10    154     55    172    444    348     27    430    104    259     34    243    196    447    477    117    388    168     77    398    377    505    360    321     51    342    160     45    375    273    406    181    183    118    401    182     59     53    469    373    448     44    415    294    173    245    485    255     94     90    310     99    224     70     19    325    200    350    410    105    461    390    479    486    385    303    476    208    501     54    250    420    322     43    292    345    174    194    528    235    349    497    191    263    346    161     87    106    332    354    254    198    157    465    394    122    525    282    272    464    495    365      5    467     65     92    209    369    371    129    132     75    301    124    179    333    102    496    343    227    521    487    140    146    223    269    429     26    324     93    166    253    135    355    514     24    226    147    121    199    500    203    518    100    187    529    108    264    458    397    421    491    256     15    315    116    372    151    193    279     40    159    509    257    126    268     52     22    176    470    378     17    125     12     61     64    440    450    403    222    103     68    167    392    220    416    247    437    508    428     39    296     62    232    113    499    408    115    374    339    424     76     46    175     50    393     82    158    419    338    265    334    195    244    381    298    510    358    275    169    110    277    503    382    356    127    188    531    383    206    507    379    513    435    488    114    414    215    323    411     58    274    237    391    443     69    402    278     29    466    376      6    162     74    207     56    218    219    111    380    225    407      8    131    285    489    492    395    213    474    145    164    362    337    490    178    441     23    456     60     31    331    101    455     81    266    357     96    493    133    478    248    192     35    246     78    530    515    335    359    165    252    472    367    457    137     98    308    504     13    405     57    156    170    483    305    258    300    366    155    290    120    112    123    327     91    387    141     72    336    307    271    313    532    236     89    228    306    239    475    363    261     25     16    289    287    446    328     11     88    150    211    417    481    400    299    276    318    344    249      9    242    418
487952    |    442    379    499     29    373    171    330     72    272     85     34     79    261    349    514    251     43     69    381    507    451     52    493     99    357    254    479    369    512    457    138    304    469    426    202    281    104    290    305    510    430    356    400    282    208    275     39    101     83    201    425     18    336     22    259    496    215    385    506    363    475    384    103      2    114     59    130    307     35    102    458    257    110    131    365    334    155    293     97    192    159    219    416    255      4    279     91    414    531    228    394    237     65    252      6     13    126    178    313    218    370    306    465    221    188    247    360    146    314    413    260    187    309    128     60    375    364     53    348    105     55     46    464    433    264    270    111    205    273    439    329    269    333    139    340     49    324    325    245    116    529    291    153    335    214    432    406    367    327    401    403    480    181    186     41    154     77    162    287    311    502     71     96    342     70    150    197    483    472    331    503     80    303    238    467     44    295    524     88     15    263     54    220     68    161    300     92    532    377    224    443    234    242    209    226    455     47    283    399    294    129      8     58    389    319      7    122    193    431    482    494    268    132    206    492    437    141     63    470    436     90     84    288    392    148    112    441    191     10    420    233     67    477     17    265    225      3    280    240    487    198    285    378    135    211     48    169    409    170    134      1    382    222     12     45    200    449    459    156    271    137    346    276    402    462    352    108    461    445    175    498    125     74    350    476     28    230    297    339    454    312    180    344    185    284     57    516    419    133    216    337    351    322    444    412    109    172    515    473     50    450     87    207    497    136    468    174    466    501    195    173    142    358     11    289     31    189    267    244    427    118     37    326    194    453    530    318    190    434    160    164    404    463    490    210    117    315    504    418    397    471      9    308    421    391    236    140    396    217     51    144    152     21    410    428    505    232    355    485    521    163     40    151    278    417    298    446    248    115    519     93    390    338    517    491     75    204    196    374     38    241     81    286    415    424    447    323    149    235    321     16    179    359    320     20    166     78    345      5    395    383    518     23    528    486    484    158    296     86     26     14    246    328    274     98     24    500    167    353     42    366    229    440     73    527    239    526    165     25    299    119    525    223    489    508    438    354    199    316    393     95    127    258     30     33    407    317    520    343    387    243    301     89    184    347     36    368    371    474    456    386    388    435    183    478    157     19    231    452     61     62    513    372     64    121    380    522    277    253    212     94    460    481     76    227    341    448    292    145    107    250    100    408    523    176    124    361    398    249    120    262    123    302    213    488    256    266     82    405    177    511    332    143     56    411    168    423    495    429    376     27     32    362    182    147    113    509    310    422     66    203    106
507280    |      9    481    431    275    268    266    510    151    484    230    385    168    516    222    262    379    211    440    247     35    189     90     10    400    172    110    341    214    101     39     68    447    480    474    450    171    196    410    392    500    388    303     88    201     98     37     85    180    120    505    519    520    365    294     60    514    501    274    194    232    429    164    485    411    241    380     24    442    113    224    325      2    348    383    441    175     42    193    311    215     27    433    366     41    335    527    439    397    398    463     34    428    217    290     26    374    523    360     81     20    496     70    173    451    449     19    509    187     53    504    177    408    526    343     92    494    121    126      7     64    324    276    291    105    295    192    329    107    150    221    281    210    525    466     65    279    475     29    237    488     51    299    233     82     75    346    377    235    167    157    313    332     79     66    280     95    362      3     15    331    174    234    131    438    149    229    260    350     31    476    319    258    517    435    320     69    493    155    352    371     17    128    483    369    415    437     71     67    478    459    139    254    330    170    328    404    456      4    231    263    497    212    477    498    163    406     38    512    507    499    125    401    308    133    109     93    285    246     44     62    245    453     33     11    186     86      8    405    115    472    355    338    387     99    403    277    382     49    443    503     25     91    159    460    416    134    181    396    390    264    162    117    238     87     80    487    166     77    289    204      5    363    455    323    138     96    529    273    272     12    123     14    467    375     83    521    261    351    292    270     40     56     47    153    532    430    395    312    144    469    386     61    402    199    114    256    236    356    412    340    461     18    419    251    417    409    176    271    347    143    297    161    434    284    479     16    108    378    421    373    458    239    158      1    470    119    361    418    359     13    127    423    495    195    339    129    220    118    444    482     89    208    104    278    389    216    184    282    322     57    116    154    305    213    203    137    464    314    165     30    102    310    315    307     45    462    252    491    522    333     73    422    344    253    140    112    489    353     55    454    228    457    531    473    188    243    515     52    257    190    376    372    508    302    185    218    209    304    207    518    317    370     50    327    141    367    182    283    448    191    452    198    156    530     97    368     74    318    524    244    200    179     59     76     58    298    242    147    103    255    506    426     22    227    269    288    226    492    248    381    432     23    267    414    393    354    490    486    178    399    413    111    465    106    306    132    345    337    265    407    424     21    100    394      6    197     32    142     78    446     43    135    293    301    420    249     28    436    225    445    300    223    145    321    471     84    334    384     54    160    206    502    122    513    183    146    152    391    364     94    136    326    240     48    342    286    259    357     46    287    468    296    202     36    130    427    511    169    124    309    316    425    358     63    336    148    219    250    349    528    205     72

*********************************************
    Selected Population[1] with fitness
*********************************************
-----------------------------------------------
Fitness   |   Population
-----------------------------------------------
500267    |    329    198    368    260    221     37    421    431    189     29    228    165     97    454    138    214    148     70    333    413    364    258    286    451    469     98    499    452    471    511    344    319    459    449    517    272    154    397    185    501    432    224    171    428     75     32     47    439    133    436    145    497    473     83    341    285    472    455    512    251     51    347    136    211    297    163    181    180     16    179    290    386    298    202    425     73    280    200    354    519    366    177    520    482    232    418    467    450     85    388    293    396    267    416    142    484    257    130    184    229    114    270     30     91    359     67    476     86    314    225    463    310    481    244    372    302    442    155      9    169     71     36    336     63      1    212    328    109     18    445    172    429    253    309    532    460    275    107    361    350     48    271    307    279    422    326    456     20    335    433    284     80    390    351    112    100     76    393    494    524    210    321    427    384    392    291    317    233    283     10    505     55    197    444    348     27    430    143    118    238    480    196    447    477    117    415    168     77    475    377      5    322    295    230    342    139     45    375    363    406     23     34    506    401    486     59     53     84    373    448    385    426    370    173     66    485    255     94    264    201     99    353     14     19    325     64    404    410    152    461    395    479    137     41    303    343    208    159     54    250    420    330     43    207    367    174    216    528    235    371     24    191    492    153    161    220    106    246    338    399    241    157    465    394    122    525    282    352    464    349     60    190     95    288    237    209    369     62    129    215    503    301    374    358    516    102    496      3    227    521     50    140    146    223    104    111     26     46     89    474    304    135    355    514    380    523    147    311    324    263    332     58    510    187    529    108    254    409    318    522    491    256    488     12    116    156    440    193    527     40    265    509    134    126     42    203     22    176    470    490     17    125    518     61    182    345    231    403    515    103     49    167     13     87    294    247    437    508    128    259    296    199    423    113      7    408    115    340    339    424    151    495    175    132    162     82     15    419    457    204    334    195    346    218    398    504    411    166     68    110    277    278    453    356    127    188     44    383    206    507    379    513    435    248     90    414    292    323    273     39    274    478    391    443     69    402     56      8    466    376      6    268    468    121    205    502    222    120    119    186    365    526      4     74    489    276    287    213    262      2    164    362    337    240    178    441     72    487    281     31    331    101    160     81    266    357     96    493     52    434    316    192     35    446     78    530    239    236    500     21    252    131    245    458    299    234    308     79    312    405     57    382    170    483    305    158    300    124    531     92    217    378    123    327    438    387    141    105    243    183    389    313    462     65    412    315    306     38     93    144    261     25    320    289    219    149    498     11     88    150     33    417    407    400    360     28    226    242    249    269    194    381
509502    |    329    262    368    231    221     37    370    431    189    217    427     32     97    454    302    214    426    152    202    480    438    352    201    320    309    295    502    452    471    511    451    319    459    449    184    436    281     47    185      7    432    138    312    128    423    399     38    517    204    404    240    149    473    506    347    439    144    286    512    251    341    143    136     21    297    422    210    180    520    468    119    386    241    109    425    522    280    205    526    519    316    177    190    482    340    413    462    148    234    463    293    396    267    311    142    484    527    130    389    229     14    197     30    216     79     67    163     86    314    364      4    498     33    523     83     28    442    412    186    260     71    453    284     63      1    212     49    353     18    445    238      3    139      2    330    460    409    107    361    171     48    516     66    153     41    326     73     20     36    433     95     80    304    351    288    134     84     85    494    524    270    434    230    384     42    291    317    233    283     10    154     55    172    444    348     27    430    104    259     34    243    196    447    477    117    388    168     77    398    377    505    360    321     51    342    160     45    375    273    406    181    183    118    401    182     59     53    469    373    448     44    415    294    173    245    485    255     94     90    310     99    224     70     19    325    200    350    410    105    461    390    479    486    385    303    476    208    501     54    250    420    322     43    292    345    174    194    528    235    349    497    191    263    346    161     87    106    332    354    254    198    157    465    394    122    525    282    272    464    495    365      5    467     65     92    209    369    371    129    132     75    301    124    179    333    102    496    343    227    521    487    140    146    223    269    429     26    324     93    166    253    135    355    514     24    226    147    121    199    500    203    518    100    187    529    108    264    458    397    421    491    256     15    315    116    372    151    193    279     40    159    509    257    126    268     52     22    176    470    378     17    125     12     61     64    440    450    403    222    103     68    167    392    220    416    247    437    508    428     39    296     62    232    113    499    408    115    374    339    424     76     46    175     50    393     82    158    419    338    265    334    195    244    381    298    510    358    275    169    110    277    503    382    356    127    188    531    383    206    507    379    513    435    488    114    414    215    323    411     58    274    237    391    443     69    402    278     29    466    376      6    162     74    207     56    218    219    111    380    225    407      8    131    285    489    492    395    213    474    145    164    362    337    490    178    441     23    456     60     31    331    101    455     81    266    357     96    493    133    478    248    192     35    246     78    530    515    335    359    165    252    472    367    457    137     98    308    504     13    405     57    156    170    483    305    258    300    366    155    290    120    112    123    327     91    387    141     72    336    307    271    313    532    236     89    228    306    239    475    363    261     25     16    289    287    446    328     11     88    150    211    417    481    400    299    276    318    344    249      9    242    418
487952    |    442    379    499     29    373    171    330     72    272     85     34     79    261    349    514    251     43     69    381    507    451     52    493     99    357    254    479    369    512    457    138    304    469    426    202    281    104    290    305    510    430    356    400    282    208    275     39    101     83    201    425     18    336     22    259    496    215    385    506    363    475    384    103      2    114     59    130    307     35    102    458    257    110    131    365    334    155    293     97    192    159    219    416    255      4    279     91    414    531    228    394    237     65    252      6     13    126    178    313    218    370    306    465    221    188    247    360    146    314    413    260    187    309    128     60    375    364     53    348    105     55     46    464    433    264    270    111    205    273    439    329    269    333    139    340     49    324    325    245    116    529    291    153    335    214    432    406    367    327    401    403    480    181    186     41    154     77    162    287    311    502     71     96    342     70    150    197    483    472    331    503     80    303    238    467     44    295    524     88     15    263     54    220     68    161    300     92    532    377    224    443    234    242    209    226    455     47    283    399    294    129      8     58    389    319      7    122    193    431    482    494    268    132    206    492    437    141     63    470    436     90     84    288    392    148    112    441    191     10    420    233     67    477     17    265    225      3    280    240    487    198    285    378    135    211     48    169    409    170    134      1    382    222     12     45    200    449    459    156    271    137    346    276    402    462    352    108    461    445    175    498    125     74    350    476     28    230    297    339    454    312    180    344    185    284     57    516    419    133    216    337    351    322    444    412    109    172    515    473     50    450     87    207    497    136    468    174    466    501    195    173    142    358     11    289     31    189    267    244    427    118     37    326    194    453    530    318    190    434    160    164    404    463    490    210    117    315    504    418    397    471      9    308    421    391    236    140    396    217     51    144    152     21    410    428    505    232    355    485    521    163     40    151    278    417    298    446    248    115    519     93    390    338    517    491     75    204    196    374     38    241     81    286    415    424    447    323    149    235    321     16    179    359    320     20    166     78    345      5    395    383    518     23    528    486    484    158    296     86     26     14    246    328    274     98     24    500    167    353     42    366    229    440     73    527    239    526    165     25    299    119    525    223    489    508    438    354    199    316    393     95    127    258     30     33    407    317    520    343    387    243    301     89    184    347     36    368    371    474    456    386    388    435    183    478    157     19    231    452     61     62    513    372     64    121    380    522    277    253    212     94    460    481     76    227    341    448    292    145    107    250    100    408    523    176    124    361    398    249    120    262    123    302    213    488    256    266     82    405    177    511    332    143     56    411    168    423    495    429    376     27     32    362    182    147    113    509    310    422     66    203    106
507280    |      9    481    431    275    268    266    510    151    484    230    385    168    516    222    262    379    211    440    247     35    189     90     10    400    172    110    341    214    101     39     68    447    480    474    450    171    196    410    392    500    388    303     88    201     98     37     85    180    120    505    519    520    365    294     60    514    501    274    194    232    429    164    485    411    241    380     24    442    113    224    325      2    348    383    441    175     42    193    311    215     27    433    366     41    335    527    439    397    398    463     34    428    217    290     26    374    523    360     81     20    496     70    173    451    449     19    509    187     53    504    177    408    526    343     92    494    121    126      7     64    324    276    291    105    295    192    329    107    150    221    281    210    525    466     65    279    475     29    237    488     51    299    233     82     75    346    377    235    167    157    313    332     79     66    280     95    362      3     15    331    174    234    131    438    149    229    260    350     31    476    319    258    517    435    320     69    493    155    352    371     17    128    483    369    415    437     71     67    478    459    139    254    330    170    328    404    456      4    231    263    497    212    477    498    163    406     38    512    507    499    125    401    308    133    109     93    285    246     44     62    245    453     33     11    186     86      8    405    115    472    355    338    387     99    403    277    382     49    443    503     25     91    159    460    416    134    181    396    390    264    162    117    238     87     80    487    166     77    289    204      5    363    455    323    138     96    529    273    272     12    123     14    467    375     83    521    261    351    292    270     40     56     47    153    532    430    395    312    144    469    386     61    402    199    114    256    236    356    412    340    461     18    419    251    417    409    176    271    347    143    297    161    434    284    479     16    108    378    421    373    458    239    158      1    470    119    361    418    359     13    127    423    495    195    339    129    220    118    444    482     89    208    104    278    389    216    184    282    322     57    116    154    305    213    203    137    464    314    165     30    102    310    315    307     45    462    252    491    522    333     73    422    344    253    140    112    489    353     55    454    228    457    531    473    188    243    515     52    257    190    376    372    508    302    185    218    209    304    207    518    317    370     50    327    141    367    182    283    448    191    452    198    156    530     97    368     74    318    524    244    200    179     59     76     58    298    242    147    103    255    506    426     22    227    269    288    226    492    248    381    432     23    267    414    393    354    490    486    178    399    413    111    465    106    306    132    345    337    265    407    424     21    100    394      6    197     32    142     78    446     43    135    293    301    420    249     28    436    225    445    300    223    145    321    471     84    334    384     54    160    206    502    122    513    183    146    152    391    364     94    136    326    240     48    342    286    259    357     46    287    468    296    202     36    130    427    511    169    124    309    316    425    358     63    336    148    219    250    349    528    205     72

Best Individual:  442 379 499 29 373 171 330 72 272 85 34 79 261 349 514 251 43 69 381 507 451 52 493 99 357 254 479 369 512 457 138 304 469 426 202 281 104 290 305 510 430 356 400 282 208 275 39 101 83 201 425 18 336 22 259 496 215 385 506 363 475 384 103 2 114 59 130 307 35 102 458 257 110 131 365 334 155 293 97 192 159 219 416 255 4 279 91 414 531 228 394 237 65 252 6 13 126 178 313 218 370 306 465 221 188 247 360 146 314 413 260 187 309 128 60 375 364 53 348 105 55 46 464 433 264 270 111 205 273 439 329 269 333 139 340 49 324 325 245 116 529 291 153 335 214 432 406 367 327 401 403 480 181 186 41 154 77 162 287 311 502 71 96 342 70 150 197 483 472 331 503 80 303 238 467 44 295 524 88 15 263 54 220 68 161 300 92 532 377 224 443 234 242 209 226 455 47 283 399 294 129 8 58 389 319 7 122 193 431 482 494 268 132 206 492 437 141 63 470 436 90 84 288 392 148 112 441 191 10 420 233 67 477 17 265 225 3 280 240 487 198 285 378 135 211 48 169 409 170 134 1 382 222 12 45 200 449 459 156 271 137 346 276 402 462 352 108 461 445 175 498 125 74 350 476 28 230 297 339 454 312 180 344 185 284 57 516 419 133 216 337 351 322 444 412 109 172 515 473 50 450 87 207 497 136 468 174 466 501 195 173 142 358 11 289 31 189 267 244 427 118 37 326 194 453 530 318 190 434 160 164 404 463 490 210 117 315 504 418 397 471 9 308 421 391 236 140 396 217 51 144 152 21 410 428 505 232 355 485 521 163 40 151 278 417 298 446 248 115 519 93 390 338 517 491 75 204 196 374 38 241 81 286 415 424 447 323 149 235 321 16 179 359 320 20 166 78 345 5 395 383 518 23 528 486 484 158 296 86 26 14 246 328 274 98 24 500 167 353 42 366 229 440 73 527 239 526 165 25 299 119 525 223 489 508 438 354 199 316 393 95 127 258 30 33 407 317 520 343 387 243 301 89 184 347 36 368 371 474 456 386 388 435 183 478 157 19 231 452 61 62 513 372 64 121 380 522 277 253 212 94 460 481 76 227 341 448 292 145 107 250 100 408 523 176 124 361 398 249 120 262 123 302 213 488 256 266 82 405 177 511 332 143 56 411 168 423 495 429 376 27 32 362 182 147 113 509 310 422 66 203 106
Best Value: 487952