Problem Name: bays29
Problem Dimension: 29
Problem Type: TSP
Comment: 29 cities in Bavaria, street distances (Groetschel,Juenger,Reinelt)
Strategy: 1
Number of Generations: 1
Population Size: 4

Population
Generation [1]

*********************************************
        Population[1] with fitness 
*********************************************
-----------------------------------------------
Fitness   |   Population
-----------------------------------------------
5353      |     15     17     28     10      6     13      4      9      3     20     21      1     26     16     23     12     25      7     19     24     18     11     29      2     14     22      5      8     27
5223      |      4     16     15     11      2      6      5      7     19     18     21     29     17     26      9     24     10     13     25      1      8     23     12     20     28      3     27     22     14
5659      |     27     21     10      2     26      4     29     17     12     28     18     16      7     14     23      1     19     24      8      9     20      3      6     13     15     25     22     11      5
6210      |     19     16     22     27      1     20     15     14     23      7      6     21     26     10     24     17      3     12     18      8      9     25     28     29     13      5      4     11      2

*********************************************
         Population[1] after insertion 
*********************************************
-----------------------------------------------
Fitness   |     Population
-----------------------------------------------
5831      |     10      2     23      3     16     27      6     11      8      7     22     15      5     18     29     17     19     21     14      4     20      1      9     26     12     24     28     13     25
5855      |     29     20     12      9     11     27     25      5     19     10      1      7     21     16     18      4     14     13      2      3     26     23     28     24     22      8     15     17      6
5452      |     26     18      5     10     22     16     28      9      6     29     27     12      1      7     25      3     14     19     23     17     11     15     13     21      2      4      8     24     20
5959      |      1     29     13     28     27     14      7     15     26      5     10     19     11      3     21     23     12      9     24     18      4     20     16     22      6      8     17      2     25

*********************************************
    Selected Population[1] with fitness
*********************************************
-----------------------------------------------
Fitness   |   Population
-----------------------------------------------
5353      |     15     17     28     10      6     13      4      9      3     20     21      1     26     16     23     12     25      7     19     24     18     11     29      2     14     22      5      8     27
5223      |      4     16     15     11      2      6      5      7     19     18     21     29     17     26      9     24     10     13     25      1      8     23     12     20     28      3     27     22     14
5452      |     26     18      5     10     22     16     28      9      6     29     27     12      1      7     25      3     14     19     23     17     11     15     13     21      2      4      8     24     20
5959      |      1     29     13     28     27     14      7     15     26      5     10     19     11      3     21     23     12      9     24     18      4     20     16     22      6      8     17      2     25

Best Individual:  4 16 15 11 2 6 5 7 19 18 21 29 17 26 9 24 10 13 25 1 8 23 12 20 28 3 27 22 14
Best Value: 5223