Population
Generation [1]

*********************************************
        Population[1] with fitness 
*********************************************
-----------------------------------------------
Fitness   |   Population
-----------------------------------------------
43605     |     55     98    129     49     45     18     20    130     28      2     69     11     84     37     95     53     94     51     90     61      8    106      9     48     65    128     64     36     29    112     38     46    126     26    119    107    100    123     75     60     99     52     42    116     79     89     81     30    111     87    113     57    122     83     62     13     39    114     27    103     91     50     88     92      5    124      3    108    109     78     96     74    121     35     32     63     16     24    101     34    120     12    105     97     43     58     40     93     67    117     85    110     44    125     70     19     22     59     21     31     71    115     23     72     80    104     10     47     17     15    127     73     33     54     41     68      7    102    118     56     76      1     14     82      6     66     77      4     25     86
47643     |     22     32    120     11      7     12     84    103    124     63    111     59     36      8     53     61     71     65     70      4     26     30     44     83     82     97    107     29     88    109     95     18    100    123     85    115     81    117     17     49    125     27     38     75    127      3     77     21     60     34     23     33     94     19     68     43    110     41     80     57     78     67    104    112      2     50     13     24     52     58     99     47    119    128     73     40     86     20      1    101     35    129     96    121    116     90     69     55    122     66      5     15    126     92     14     48     56    113     62     46      9    130     25     98      6    118     16     91     10     76     54     42    105     93     51     87     72     39     64    106    102     74     37     31    108    114     28     45     89     79
46716     |    110     71     52     29    123      2      3     69     13     84     79     70     27    107    126     96     55    129     47     26     41      4     19     51    115      7     15     75     95    106     98     21    127      9     74      6     36    100     34     80     25     90     82    114     18     65     81    113     12     57     31    125     50     43     45     38     10    102     17     35     56    117     97    122    103     86     37     77     14     63    124    109     99     85     49    120    108     48     91    104     93    112     33     72     88     22    116     92     40     54     28    121     39     64    128     59    101     78     30     42      1    130     58     23     44     11     94     24     67    118     89    111     83    105     68     32     87     60     76     53     46     62     16      8     66    119      5     61     73     20
41811     |    125     45     59    108     73     87     68     64     15     88     32     61     31    110     50     69    129     20     95     94     74     82     99     52    127     53    111     42     98     92     12    114     43     11     56     21    128    102     80     67     27      4     81    116     26    104     36    107    121    109     13     18      9     48      3    130     85     38      7    101    120     60     33    123     17     86     79     44     49     77     89     91     65     47     96     10      8     66     83     76     63    100     90     19    122    103     35     34    124     97     78     14    117     84     41     39      1     93      2    112     72     29     28     46      6    119    113     25     30    106     62      5    105     51     58     75     54     37    115     23     40     57     71     22     16    126     24     55     70    118

*********************************************
         Population[1] after insertion 
*********************************************
-----------------------------------------------
Fitness   |     Population
-----------------------------------------------
49018     |     78     44     40     93     81    101    122     29      3     86     89     39     48     25    125     41     92     63     10     85     96     80     61     99     21      1     74     72    116    109    104    120    123     17     67     76     15    112     71    118     20     66    129      2     58      8     95     83     51    111     31      9    115      4     97    103     70     52     49     26     23     16     82     94    124    119    128     14     12     53     45    126     79     56    113     73     36     91     43     38    108     13      5     32    102     75     62     30     11     33     57      7    127     24     60    117     42    130     19    106     88     77    105     50     65     64     47     46     98     34     69     22     90     87     28     35     18     54     37     68     55    100    114     84      6    110    107    121     27     59
48686     |    130     92    120     64     14     20      3     72     37     81     33     27     90    124     28      9     74     59     34      4    125     12    112     29     94    115     51     77     71     23     50    100     79     89    127    105     98    118     54     96    119      7    116     60     32    121    103     47     15      1     53     13    108     39     24     73     62     70    104    117     30     87      2     21    126     68     88     31     26     84     83    101    113     18     49     42    122     61     43    106     75     63     57    110     58     85     25     55     56     76     44    128     10     41     99     95    111     40     86     82    129     78     66      5     16     45     65     11     36     67      8    102     17     69     35     46     91    109     48      6    114     97     22     38     52     80     93    123     19    107
44842     |    130     61    121     79      8    125     77     24     78     74      3     32    123     98     51     28     88     57     85     90     91     50     95      2     48     72    122    128     30     86    109     53    115     34     55    106     29    112    126     38      4     45    101     64    100     42      6     82     10     33     94     81    105     66     56    124     36    114      1    129    113     18     92     75     17    120     59    117    116     54     26     19     16     47    102     31      9     58     62     44     37     60    108      5    111     96     49     25     68    110     63     27     14    107     67    104     76     41     65     89      7     52    127     35     46     40     12     73     80     70     84     87     97     99     93     13     39     11    118     22     83     71     23     20     69     15     43    119    103     21
43311     |    130    125     87    106     47     58    104     32     35     37     72    115    117     10     86    113     48     15     76      2     19     39     45     29     50     95     16    108     99     36    124    129      7    103     71     88     96     81     74     24     55     28     60    118     41    110     59     57     80     43     52     13     63     12    100    116     92     42     62     73    109    114     66     33     46     91     82      4     38     17     83     20     84     98      1     31     40     56     64     25     94     75      9     97     22     23     78     30     54    119    128    120      8      5    107     49    126    122     67     26     14      6    105     18     77    121     90     27     34     79     53      3     11    112     68    111    123    102    127     69     21     70     89    101     93     65     85     61     44     51

*********************************************
    Selected Population[1] with fitness
*********************************************
-----------------------------------------------
Fitness   |   Population
-----------------------------------------------
43605     |     55     98    129     49     45     18     20    130     28      2     69     11     84     37     95     53     94     51     90     61      8    106      9     48     65    128     64     36     29    112     38     46    126     26    119    107    100    123     75     60     99     52     42    116     79     89     81     30    111     87    113     57    122     83     62     13     39    114     27    103     91     50     88     92      5    124      3    108    109     78     96     74    121     35     32     63     16     24    101     34    120     12    105     97     43     58     40     93     67    117     85    110     44    125     70     19     22     59     21     31     71    115     23     72     80    104     10     47     17     15    127     73     33     54     41     68      7    102    118     56     76      1     14     82      6     66     77      4     25     86
47643     |     22     32    120     11      7     12     84    103    124     63    111     59     36      8     53     61     71     65     70      4     26     30     44     83     82     97    107     29     88    109     95     18    100    123     85    115     81    117     17     49    125     27     38     75    127      3     77     21     60     34     23     33     94     19     68     43    110     41     80     57     78     67    104    112      2     50     13     24     52     58     99     47    119    128     73     40     86     20      1    101     35    129     96    121    116     90     69     55    122     66      5     15    126     92     14     48     56    113     62     46      9    130     25     98      6    118     16     91     10     76     54     42    105     93     51     87     72     39     64    106    102     74     37     31    108    114     28     45     89     79
44842     |    130     61    121     79      8    125     77     24     78     74      3     32    123     98     51     28     88     57     85     90     91     50     95      2     48     72    122    128     30     86    109     53    115     34     55    106     29    112    126     38      4     45    101     64    100     42      6     82     10     33     94     81    105     66     56    124     36    114      1    129    113     18     92     75     17    120     59    117    116     54     26     19     16     47    102     31      9     58     62     44     37     60    108      5    111     96     49     25     68    110     63     27     14    107     67    104     76     41     65     89      7     52    127     35     46     40     12     73     80     70     84     87     97     99     93     13     39     11    118     22     83     71     23     20     69     15     43    119    103     21
41811     |    125     45     59    108     73     87     68     64     15     88     32     61     31    110     50     69    129     20     95     94     74     82     99     52    127     53    111     42     98     92     12    114     43     11     56     21    128    102     80     67     27      4     81    116     26    104     36    107    121    109     13     18      9     48      3    130     85     38      7    101    120     60     33    123     17     86     79     44     49     77     89     91     65     47     96     10      8     66     83     76     63    100     90     19    122    103     35     34    124     97     78     14    117     84     41     39      1     93      2    112     72     29     28     46      6    119    113     25     30    106     62      5    105     51     58     75     54     37    115     23     40     57     71     22     16    126     24     55     70    118

Parameters:  125 45 59 108 73 87 68 64 15 88 32 61 31 110 50 69 129 20 95 94 74 82 99 52 127 53 111 42 98 92 12 114 43 11 56 21 128 102 80 67 27 4 81 116 26 104 36 107 121 109 13 18 9 48 3 130 85 38 7 101 120 60 33 123 17 86 79 44 49 77 89 91 65 47 96 10 8 66 83 76 63 100 90 19 122 103 35 34 124 97 78 14 117 84 41 39 1 93 2 112 72 29 28 46 6 119 113 25 30 106 62 5 105 51 58 75 54 37 115 23 40 57 71 22 16 126 24 55 70 118
Strategy: 1