Population
Generation [1]

*********************************************
        Population[1] with fitness 
*********************************************
-----------------------------------------------
Fitness   |   Population
-----------------------------------------------
21216     |     21     18     32     25      5      1     42     27     14     44      3     35     37     36     13     30     22     20     34     45     33     29      4     46     43     41     16      6     11      8     15     10     23     31     12     24     19     40     39      9      7     28     17      2     48     38     26     47
22721     |     20     36     28     11     40      8     46     13      3     43     38     41     10     18      7     32     25     31     27     34     39      2      1     45     17     48     35      9     37     26     42     29     23     12     30     44     19     21     16     14     22      4     33     15     24      6     47      5
19267     |     27     21     38     30     12     36     11     43     46      3     34     15     16     13     29     32     41     14     28     19     10     37     42     26      9     33     25     20      1     47     48      7     22      8      5     45     17     18     31      2     24     39     35      4      6     23     40     44
21774     |      8     31      1     45     41     28      3      6     25     24      4     19     40     27     20     21     11     38     47     22     17     39     33      5     14     37     44     42      7     18     12     46     16     48     13     10     29     26      9     15     34     23     35     32     30      2     36     43

*********************************************
         Population[1] after insertion 
*********************************************
-----------------------------------------------
Fitness   |     Population
-----------------------------------------------
21484     |     47     38     29     30      1      4     20     15     11     13     43     33     35     28     39     46     31     42     40      8      7     10      2     19     24     34     14     25     18     32     22     48     37     23     36     45     27     17     26     16     21      3      6     41      9      5     12     44
19619     |     21     18     32     25      5      1     33     27      3     12     24     11     22     16     13     48     26     40     45     43     29      4     46     36     37     42      6      9      8     15     10     23     31     35     34     19     44     39     30      7     28     17      2     20     38     14     41     47
20308     |      1      7     45     30     43      4     12      3     15      8     21     31     34     44     16     41     27     35     47     37     22     17     13     25     18     48     33     32     29     20      6     24     46     36     26     23     28     38     19     42     11      9     39     10     14     40      5      2
18622     |     17      9      4     23     43     15      8      5      1     13     10     35     28     30     41     44     16     21     25     47     36     27     48     12      3     18     38      2     42      7     26     29     34     46     33     22     31     11     20     32     14     19     24     45     37     39     40      6

*********************************************
    Selected Population[1] with fitness
*********************************************
-----------------------------------------------
Fitness   |   Population
-----------------------------------------------
21216     |     21     18     32     25      5      1     42     27     14     44      3     35     37     36     13     30     22     20     34     45     33     29      4     46     43     41     16      6     11      8     15     10     23     31     12     24     19     40     39      9      7     28     17      2     48     38     26     47
19619     |     21     18     32     25      5      1     33     27      3     12     24     11     22     16     13     48     26     40     45     43     29      4     46     36     37     42      6      9      8     15     10     23     31     35     34     19     44     39     30      7     28     17      2     20     38     14     41     47
19267     |     27     21     38     30     12     36     11     43     46      3     34     15     16     13     29     32     41     14     28     19     10     37     42     26      9     33     25     20      1     47     48      7     22      8      5     45     17     18     31      2     24     39     35      4      6     23     40     44
18622     |     17      9      4     23     43     15      8      5      1     13     10     35     28     30     41     44     16     21     25     47     36     27     48     12      3     18     38      2     42      7     26     29     34     46     33     22     31     11     20     32     14     19     24     45     37     39     40      6

Parameters:  17 9 4 23 43 15 8 5 1 13 10 35 28 30 41 44 16 21 25 47 36 27 48 12 3 18 38 2 42 7 26 29 34 46 33 22 31 11 20 32 14 19 24 45 37 39 40 6
Strategy: 7