Population
Generation [1]

*********************************************
        Population[1] with fitness 
*********************************************
-----------------------------------------------
Fitness   |   Population
-----------------------------------------------
9101      |     20     93     11     58     80     67     36     53     38     50     32     46     71     12     30     34     77     82      3     83      8     85     91     24     86     79     25     26     95      6     19     52     57     27     55     23     56     65     29     51     72     40     98     43      5     61     47     88     44     49     74     13     94     54      4     78      2     22     66     45     59     18     42     68     60     31      9     75     70     73     35     76     39     21     17     14     89     15     96     84     97     62     28     41      1     48     63     92     81      7     69     33     90     99     87     37     10     64     16
7800      |     53     17     21     15     61     11     36     90     79      5     60     14     18     41     88     83      2     42     89     77     63     86     75     22     29     19     95     69      6     16     28     20     81      1     45     23     39     49      4     13      9     35     97     32     40     57     24     62     66     71     65     72     96     73      3     37     76     52     48     27     87     91     58     93     99     68     30     34     46     50     84     43     94     54     51     92     26     56     55     80      7      8     98     44     38     70     31     33     82     74     59     47     25     10     12     64     78     67     85
9041      |     60     99     71      9     96     28     82     41     79      4     27     63     86     37      7     94     98     69     95     21     35     10     85     89     52     61     80     26     66      6     49     11     12     56     22     68     17     65     36     70     32     31     73     30     77     24     84     20     58      3     46     23     34     14     92     55     39     40     64     50     57     97      2     38     83     19      1     75     18     87     90     74     67     25     45     42     72     81     16     88     47     13     91     59     93     54      5     53     51     43     15     44     62     48     33      8     78     29     76
9022      |     13     21     77     63     17     11     18     76     45     94     56     90     70     27     52     78      7     22     69     62     41     79     20     49     10     32     37     89     43     66      1     65     60     46     96     73     85     12     98     16      2      8     50     97     61      9     58     47     91     51     31     34     24     30      4     25     39     74     42     72     23     33     53     80      6     84     36     57     64     71     19     92      5     28     54     26     67     59      3     87     44     86     38     88     68     83     29     82     40     15     93     14     95     55     81     75     99     48     35

*********************************************
         Population[1] after insertion 
*********************************************
-----------------------------------------------
Fitness   |     Population
-----------------------------------------------
8257      |     75     99     56     86     40      3     88     77     15     90     89     26     18      6     44     27     53     93     10      9     65     62     76     20      8     52     81     11      2     96     38     57     24     25     58     63     94     72     97     21      4     32     23     73     48     79     29     60     14     51     67     46     98     50     34     42     87      5     36     92     49     85     68     82     33     41     54     28     71     55     45     19     59     83     17     61     84     78      1     69     16     12     37     13     31     35     30     91      7     43     70     39     22     47     74     64     80     66     95
8614      |     38     96     46     39     70     24     28     65     92     94     78     88     68     13     49     18     74     81     63      6     44     95      2     45      5     67     53     33     66     71     90     98     17      1     76     21     29     48     14     89     35     47     60     50     61      9     97     31     40     41     36     58     32     73     10     51     82     30     85     43     15     86     84     16     75     69     57     42     25     23     77     19     52     34     59     93     72     22      8     55      4     20     11     80     27     79     56     37      7     54     87      3     99     12     26     62     64     91     83
8038      |     98     99     89     67     97     77     23     55     66     82      2     26     47      4     83      7     44      9     64     12     70     63     19     53     81     93     58     37     40     84     73     60     48     75     62     43      6     39     94     68     96     85     36     14     18     30     15     88      3     31     32     24     57     92     86      1     16     13     72      5     80     61     20     34     74     78     29     17     41     87     35     50     42     46     45     52     65     28     59     51     95     71     25     49     21     38     56     90     10     69     22     54     76     33     79     27      8     11     91
8303      |     84     22     90     97     13     66     57     77     67     55     59     82     46     41     44     53     63     47     37      2     14     50     40     29     18     65     95     64     73     51     31     78     48     74     43     92     79      6     26     24     39     96     12      1     93     80     71     42     36     72     17     10     94     27     56     28     68     62     38     70      3     88     89     45     81     23     21     60     76     35     85     25     98      9     32     83     19     69     91      5     30     20     61     99     54     33      7     86      4      8     34     15     11     58     87     49     52     16     75

*********************************************
    Selected Population[1] with fitness
*********************************************
-----------------------------------------------
Fitness   |   Population
-----------------------------------------------
8257      |     75     99     56     86     40      3     88     77     15     90     89     26     18      6     44     27     53     93     10      9     65     62     76     20      8     52     81     11      2     96     38     57     24     25     58     63     94     72     97     21      4     32     23     73     48     79     29     60     14     51     67     46     98     50     34     42     87      5     36     92     49     85     68     82     33     41     54     28     71     55     45     19     59     83     17     61     84     78      1     69     16     12     37     13     31     35     30     91      7     43     70     39     22     47     74     64     80     66     95
7800      |     53     17     21     15     61     11     36     90     79      5     60     14     18     41     88     83      2     42     89     77     63     86     75     22     29     19     95     69      6     16     28     20     81      1     45     23     39     49      4     13      9     35     97     32     40     57     24     62     66     71     65     72     96     73      3     37     76     52     48     27     87     91     58     93     99     68     30     34     46     50     84     43     94     54     51     92     26     56     55     80      7      8     98     44     38     70     31     33     82     74     59     47     25     10     12     64     78     67     85
8038      |     98     99     89     67     97     77     23     55     66     82      2     26     47      4     83      7     44      9     64     12     70     63     19     53     81     93     58     37     40     84     73     60     48     75     62     43      6     39     94     68     96     85     36     14     18     30     15     88      3     31     32     24     57     92     86      1     16     13     72      5     80     61     20     34     74     78     29     17     41     87     35     50     42     46     45     52     65     28     59     51     95     71     25     49     21     38     56     90     10     69     22     54     76     33     79     27      8     11     91
8303      |     84     22     90     97     13     66     57     77     67     55     59     82     46     41     44     53     63     47     37      2     14     50     40     29     18     65     95     64     73     51     31     78     48     74     43     92     79      6     26     24     39     96     12      1     93     80     71     42     36     72     17     10     94     27     56     28     68     62     38     70      3     88     89     45     81     23     21     60     76     35     85     25     98      9     32     83     19     69     91      5     30     20     61     99     54     33      7     86      4      8     34     15     11     58     87     49     52     16     75

Parameters:  53 17 21 15 61 11 36 90 79 5 60 14 18 41 88 83 2 42 89 77 63 86 75 22 29 19 95 69 6 16 28 20 81 1 45 23 39 49 4 13 9 35 97 32 40 57 24 62 66 71 65 72 96 73 3 37 76 52 48 27 87 91 58 93 99 68 30 34 46 50 84 43 94 54 51 92 26 56 55 80 7 8 98 44 38 70 31 33 82 74 59 47 25 10 12 64 78 67 85
Strategy: 3